54 502 342
54 502 343
54 502 344
54 502 345
54 503 340
54 503 341
54 503 342
54 503 343
54 503 344
54 503 345
54 503 346
54 504 340
54 504 341
54 504 342
54 504 343
54 504 344
54 504 345
54 504 346
54 504 347
54 505 339
54 505 340
54 505 341
54 505 342
54 505 343
54 505 344
54 505 345
54 505 346
54 505 347
54 506 339
54 506 340
54 506 341
54 506 342
54 506 343
54 506 344
54 506 345
54 506 346
54 506 347
54 506 348
54 507 339
54 507 340
54 507 341
54 507 342
54 507 343
54 507 344
54 507 345
54 507 346
54 507 347
54 507 348
54 508 339
54 508 340
54 508 341
54 508 342
54 508 343
54 508 344
54 508 345
54 508 346
54 508 347
54 509 339
54 509 340
54 509 341
54 509 342
54 509 343
54 509 344
54 509 345
54 509 346
54 509 347
54 510 340
54 510 341
54 510 342
54 510 343
54 510 344
54 510 345
54 510 346
54 511 341
54 511 342
54 511 343
54 511 344
54 511 345
